Step: 0
Next Requests: [[ 6 10]
 [ 1  5]]
Memory Status: [[ 6.  0. 10.  1.  0.  5.]
 [ 0.  0.  0.  0.  0.  0.]
 [ 0.  0.  0.  0.  0.  0.]
 [ 0.  0.  0.  0.  0.  0.]
 [ 0.  0.  0.  0.  0.  0.]
 [ 0.  0.  0.  0.  0.  0.]
 [ 0.  0.  0.  0.  0.  0.]
 [ 0.  0.  0.  0.  0.  0.]
 [ 0.  0.  0.  0.  0.  0.]]
Reward: 0
Step: 1
Next Requests: [[1 5]
 [1 5]]
Memory Status: [[ 6.  0. 10.  1.  0.  5.]
 [ 0.  0.  0.  0.  0.  0.]
 [ 0.  0.  0.  6.  0. 10.]
 [ 0.  0.  0.  0.  0.  0.]
 [ 0.  0.  0.  6.  0. 10.]
 [ 0.  0.  0.  0.  0.  0.]
 [ 0.  0.  0.  6.  0. 10.]
 [ 0.  0.  0.  1.  0.  5.]
 [ 0.  0.  0.  0.  0.  0.]]
Reward: -6
Step: 2
Next Requests: [[ 1  5]
 [16 10]]
Memory Status: [[ 1.  1.  5.  1.  1.  5.]
 [ 0.  0.  0.  0.  0.  0.]
 [ 0.  0.  0.  6.  0. 10.]
 [ 0.  0.  0.  0.  0.  0.]
 [ 0.  0.  0.  6.  0. 10.]
 [ 0.  0.  0.  1.  1.  5.]
 [ 0.  0.  0.  1.  1.  5.]
 [ 0.  0.  0.  1.  0.  5.]
 [ 0.  0.  0.  1.  1.  5.]]


	
		.
		.
		.
		.
		.
		.
		.
		.
		.
		.
		.
		.



Next Requests: [[8 5]
 [3 4]]
Memory Status: [[ 13. 492.   6.   8. 492.   5.]
 [  1. 265.   5.  11. 294.   8.]
 [ 20. 358.  14.  13. 492.   6.]
 [  4. 465.  10.   1. 489.   5.]
 [ 32. 485.  14.   1. 451.   5.]
 [  1. 489.   5.  13. 492.   6.]
 [  1. 491.   5.  25. 488.  10.]
 [  7. 487.  13.  13. 492.   6.]
 [  9. 490.   9.   8. 492.   5.]]
Reward: -2940.8999999999996
Step: 494
Next Requests: [[ 3  4]
 [31 12]]
Memory Status: [[  8. 493.   5.   3. 493.   4.]
 [  1. 265.   5.  11. 294.   8.]
 [ 20. 358.  14.   8. 493.   5.]
 [  4. 465.  10.   1. 489.   5.]
 [ 32. 485.  14.   1. 451.   5.]
 [  1. 489.   5.  13. 492.   6.]
 [  1. 491.   5.   8. 493.   5.]
 [  7. 487.  13.  13. 492.   6.]
 [  8. 493.   5.   3. 493.   4.]]
Reward: -2946.8999999999996
Step: 495
Next Requests: [[31 12]
 [ 8  5]]
Memory Status: [[  3. 494.   4.  31. 494.  12.]
 [  1. 265.   5.  11. 294.   8.]
 [ 20. 358.  14.   3. 494.   4.]
 [  4. 465.  10.   1. 489.   5.]
 [ 32. 485.  14.   1. 451.   5.]
 [  1. 489.   5.  13. 492.   6.]
 [  3. 494.   4.   8. 493.   5.]
 [  7. 487.  13.  13. 492.   6.]
 [  8. 493.   5.  31. 494.  12.]]
Reward: -2952.8999999999996
Step: 496
Next Requests: [[ 8  5]
 [14  8]]
Memory Status: [[ 31. 495.  12.   8. 495.   5.]
 [  1. 265.   5.  11. 294.   8.]
 [ 20. 358.  14.  31. 495.  12.]
 [  4. 465.  10.   1. 489.   5.]
 [ 32. 485.  14.  31. 495.  12.]
 [  1. 489.   5.  13. 492.   6.]
 [  3. 494.   4.  31. 495.  12.]
 [  7. 487.  13.  13. 492.   6.]
 [  8. 493.   5.   8. 495.   5.]]
Reward: -2958.8999999999996
Step: 497
Next Requests: [[14  8]
 [21  5]]
Memory Status: [[  8. 496.   5.  14. 496.   8.]
 [  1. 265.   5.  11. 294.   8.]
 [ 20. 358.  14.   8. 496.   5.]
 [  4. 465.  10.   1. 489.   5.]
 [ 32. 485.  14.  31. 495.  12.]
 [  1. 489.   5.  13. 492.   6.]
 [  3. 494.   4.   8. 496.   5.]
 [  7. 487.  13.  13. 492.   6.]
 [  8. 493.   5.  14. 496.   8.]]
Reward: -2964.8999999999996
Step: 498
Next Requests: [[21  5]
 [ 2  5]]
Memory Status: [[ 14. 497.   8.  21. 497.   5.]
 [  1. 265.   5.  11. 294.   8.]
 [ 20. 358.  14.  14. 497.   8.]
 [  4. 465.  10.   1. 489.   5.]
 [ 32. 485.  14.  14. 497.   8.]
 [  1. 489.   5.  13. 492.   6.]
 [  3. 494.   4.  14. 497.   8.]
 [  7. 487.  13.  13. 492.   6.]
 [  8. 493.   5.  21. 497.   5.]]
Reward: -2970.8999999999996
Step: 499
Next Requests: [[ 2  5]
 [10 12]]
Memory Status: [[ 21. 498.   5.   2. 498.   5.]
 [  1. 265.   5.  11. 294.   8.]
 [ 20. 358.  14.  21. 498.   5.]
 [  4. 465.  10.   1. 489.   5.]
 [ 32. 485.  14.  14. 497.   8.]
 [  1. 489.   5.  13. 492.   6.]
 [  3. 494.   4.  21. 498.   5.]
 [  7. 487.  13.  13. 492.   6.]
 [  8. 493.   5.   2. 498.   5.]]
Reward: -2976.8999999999996
Step: 500
Next Requests: [[10 12]
 [ 1  5]]
Memory Status: [[  2. 499.   5.  10. 499.  12.]
 [  1. 265.   5.  11. 294.   8.]
 [ 20. 358.  14.   2. 499.   5.]
 [  4. 465.  10.   1. 489.   5.]
 [ 32. 485.  14.  14. 497.   8.]
 [  1. 489.   5.  13. 492.   6.]
 [  2. 499.   5.  21. 498.   5.]
 [  7. 487.  13.  13. 492.   6.]
 [  8. 493.   5.  10. 499.  12.]]
Reward: -2982.8999999999996
