Step: 494
Next Requests: [[ 3  4]
 [31 12]]
Memory Status: [[  8. 493.   5.   3. 493.   4.]
 [  0.   0.   0.   0.   0.   0.]
 [  0.   0.   0.   8. 493.   5.]
 [  0.   0.   0.   0.   0.   0.]
 [  0.   0.   0.   8. 493.   5.]
 [  0.   0.   0.   0.   0.   0.]
 [  4. 282.  10.   3. 493.   4.]
 [  0.   0.   0.   0.   0.   0.]
 [  0.   0.   0.   8. 493.   5.]]
Reward: -2964
Step: 495
Next Requests: [[31 12]
 [ 8  5]]
Memory Status: [[  3. 494.   4.  31. 494.  12.]
 [  0.   0.   0.   0.   0.   0.]
 [  0.   0.   0.   3. 494.   4.]
 [  0.   0.   0.   0.   0.   0.]
 [  0.   0.   0.   3. 494.   4.]
 [  0.   0.   0.   0.   0.   0.]
 [  4. 282.  10.  31. 494.  12.]
 [  0.   0.   0.   0.   0.   0.]
 [  0.   0.   0.   3. 494.   4.]]
Reward: -2970
Step: 496
Next Requests: [[ 8  5]
 [14  8]]
Memory Status: [[ 31. 495.  12.   8. 495.   5.]
 [  0.   0.   0.   0.   0.   0.]
 [  0.   0.   0.  31. 495.  12.]
 [  0.   0.   0.   0.   0.   0.]
 [  0.   0.   0.  31. 495.  12.]
 [  0.   0.   0.   0.   0.   0.]
 [  4. 282.  10.   8. 495.   5.]
 [  0.   0.   0.   0.   0.   0.]
 [  0.   0.   0.  31. 495.  12.]]
Reward: -2976
Step: 497
Next Requests: [[14  8]
 [21  5]]
Memory Status: [[  8. 496.   5.  14. 496.   8.]
 [  0.   0.   0.   0.   0.   0.]
 [  0.   0.   0.   8. 496.   5.]
 [  0.   0.   0.   0.   0.   0.]
 [  0.   0.   0.   8. 496.   5.]
 [  0.   0.   0.   0.   0.   0.]
 [  4. 282.  10.  14. 496.   8.]
 [  0.   0.   0.   0.   0.   0.]
 [  0.   0.   0.   8. 496.   5.]]
Reward: -2982
Step: 498
Next Requests: [[21  5]
 [ 2  5]]
Memory Status: [[ 14. 497.   8.  21. 497.   5.]
 [  0.   0.   0.   0.   0.   0.]
 [  0.   0.   0.  14. 497.   8.]
 [  0.   0.   0.   0.   0.   0.]
 [  0.   0.   0.  14. 497.   8.]
 [  0.   0.   0.   0.   0.   0.]
 [  4. 282.  10.  21. 497.   5.]
 [  0.   0.   0.   0.   0.   0.]
 [  0.   0.   0.  14. 497.   8.]]
Reward: -2988
Step: 499
Next Requests: [[ 2  5]
 [10 12]]
Memory Status: [[ 21. 498.   5.   2. 498.   5.]
 [  0.   0.   0.   0.   0.   0.]
 [  0.   0.   0.  21. 498.   5.]
 [  0.   0.   0.   0.   0.   0.]
 [  0.   0.   0.  21. 498.   5.]
 [  0.   0.   0.   0.   0.   0.]
 [  4. 282.  10.   2. 498.   5.]
 [  0.   0.   0.   0.   0.   0.]
 [  0.   0.   0.  21. 498.   5.]]
Reward: -2994
Step: 500
Next Requests: [[10 12]
 [ 1  5]]
Memory Status: [[  2. 499.   5.  10. 499.  12.]
 [  0.   0.   0.   0.   0.   0.]
 [  0.   0.   0.   2. 499.   5.]
 [  0.   0.   0.   0.   0.   0.]
 [  0.   0.   0.   2. 499.   5.]
 [  0.   0.   0.   0.   0.   0.]
 [  4. 282.  10.  10. 499.  12.]
 [  0.   0.   0.   0.   0.   0.]
 [  0.   0.   0.   2. 499.   5.]]
Reward: -3000
Step: 0
Next Requests: [[ 6 10]
 [ 1  5]]
Memory Status: [[ 6.  0. 10.  1.  0.  5.]
 [ 0.  0.  0.  0.  0.  0.]
 [ 0.  0.  0.  0.  0.  0.]
 [ 0.  0.  0.  0.  0.  0.]
 [ 0.  0.  0.  0.  0.  0.]
 [ 0.  0.  0.  0.  0.  0.]
 [ 0.  0.  0.  0.  0.  0.]
 [ 0.  0.  0.  0.  0.  0.]
 [ 0.  0.  0.  0.  0.  0.]]
Reward: 0
Step: 1
Next Requests: [[1 5]
 [1 5]]
Memory Status: [[ 6.  0. 10.  1.  0.  5.]
 [ 0.  0.  0.  0.  0.  0.]
 [ 0.  0.  0.  6.  0. 10.]
 [ 0.  0.  0.  0.  0.  0.]
 [ 0.  0.  0.  6.  0. 10.]
 [ 0.  0.  0.  0.  0.  0.]
 [ 1.  0.  5.  0.  0.  0.]
 [ 0.  0.  0.  0.  0.  0.]
 [ 0.  0.  0.  6.  0. 10.]]
Reward: -6
Step: 2
Next Requests: [[ 1  5]
 [16 10]]
Memory Status: [[1. 1. 5. 1. 1. 5.]
 [0. 0. 0. 0. 0. 0.]
 [0. 0. 0. 1. 1. 5.]
 [0. 0. 0. 0. 0. 0.]
 [0. 0. 0. 1. 1. 5.]
 [0. 0. 0. 0. 0. 0.]
 [1. 0. 5. 1. 1. 5.]
 [0. 0. 0. 0. 0. 0.]
 [0. 0. 0. 1. 1. 5.]]
Reward: -12
Step: 3
Next Requests: [[16 10]
 [16 10]]
Memory Status: [[ 1.  2.  5. 16.  2. 10.]
 [ 0.  0.  0.  0.  0.  0.]
 [ 0.  0.  0.  1.  2.  5.]
 [ 0.  0.  0.  0.  0.  0.]
 [ 0.  0.  0.  1.  2.  5.]
 [ 0.  0.  0.  0.  0.  0.]
 [ 1.  0.  5. 16.  2. 10.]
 [ 0.  0.  0.  0.  0.  0.]
 [ 0.  0.  0.  1.  2.  5.]]
Reward: -18
Step: 4
Next Requests: [[16 10]
 [ 1  5]]
Memory Status: [[16.  3. 10. 16.  3. 10.]
 [ 0.  0.  0.  0.  0.  0.]
 [ 0.  0.  0. 16.  3. 10.]
 [ 0.  0.  0.  0.  0.  0.]
 [ 0.  0.  0. 16.  3. 10.]
 [ 0.  0.  0.  0.  0.  0.]
 [ 1.  0.  5. 16.  3. 10.]
 [ 0.  0.  0.  0.  0.  0.]
 [ 0.  0.  0. 16.  3. 10.]]
Reward: -24
Step: 5
Next Requests: [[1 5]
 [9 9]]
Memory Status: [[16.  4. 10.  1.  4.  5.]
 [ 0.  0.  0.  0.  0.  0.]
 [ 0.  0.  0. 16.  4. 10.]
 [ 0.  0.  0.  0.  0.  0.]
 [ 0.  0.  0. 16.  4. 10.]
 [ 0.  0.  0.  0.  0.  0.]
 [ 1.  0.  5.  1.  4.  5.]
 [ 0.  0.  0.  0.  0.  0.]
 [ 0.  0.  0. 16.  4. 10.]]
Reward: -30
Step: 6
Next Requests: [[9 9]
 [1 5]]
Memory Status: [[1. 5. 5. 9. 5. 9.]
 [0. 0. 0. 0. 0. 0.]
 [0. 0. 0. 1. 5. 5.]
 [0. 0. 0. 0. 0. 0.]
 [0. 0. 0. 1. 5. 5.]
 [0. 0. 0. 0. 0. 0.]
 [1. 0. 5. 9. 5. 9.]
 [0. 0. 0. 0. 0. 0.]
 [0. 0. 0. 1. 5. 5.]]
Reward: -36
Step: 7
Next Requests: [[1 5]
 [3 4]]
Memory Status: [[9. 6. 9. 1. 6. 5.]
 [0. 0. 0. 0. 0. 0.]
 [0. 0. 0. 9. 6. 9.]
 [0. 0. 0. 0. 0. 0.]
 [0. 0. 0. 9. 6. 9.]
 [0. 0. 0. 0. 0. 0.]
 [1. 0. 5. 1. 6. 5.]
 [0. 0. 0. 0. 0. 0.]
 [0. 0. 0. 9. 6. 9.]]
Reward: -42
Step: 8
Next Requests: [[ 3  4]
 [13  6]]
Memory Status: [[1. 7. 5. 3. 7. 4.]
 [0. 0. 0. 0. 0. 0.]
 [0. 0. 0. 1. 7. 5.]
 [0. 0. 0. 0. 0. 0.]
 [0. 0. 0. 1. 7. 5.]
 [0. 0. 0. 0. 0. 0.]
 [1. 0. 5. 3. 7. 4.]
 [0. 0. 0. 0. 0. 0.]
 [0. 0. 0. 1. 7. 5.]]
Reward: -48
Step: 9
Next Requests: [[13  6]
 [ 2  5]]
Memory Status: [[ 3.  8.  4. 13.  8.  6.]
 [ 0.  0.  0.  0.  0.  0.]
 [ 0.  0.  0.  3.  8.  4.]
 [ 0.  0.  0.  0.  0.  0.]
 [ 0.  0.  0.  3.  8.  4.]
 [ 0.  0.  0.  0.  0.  0.]
 [ 1.  0.  5. 13.  8.  6.]
 [ 0.  0.  0.  0.  0.  0.]
 [ 0.  0.  0.  3.  8.  4.]]
Reward: -54
Step: 10
Next Requests: [[2 5]
 [8 5]]
Memory Status: [[13.  9.  6.  2.  9.  5.]
 [ 0.  0.  0.  0.  0.  0.]
 [ 0.  0.  0. 13.  9.  6.]
 [ 0.  0.  0.  0.  0.  0.]
 [ 0.  0.  0. 13.  9.  6.]
 [ 0.  0.  0.  0.  0.  0.]
 [ 1.  0.  5.  2.  9.  5.]
 [ 0.  0.  0.  0.  0.  0.]
 [ 0.  0.  0. 13.  9.  6.]]
Reward: -60
Step: 11
Next Requests: [[8 5]
 [2 5]]
Memory Status: [[ 2. 10.  5.  8. 10.  5.]
 [ 0.  0.  0.  0.  0.  0.]
 [ 0.  0.  0.  2. 10.  5.]
 [ 0.  0.  0.  0.  0.  0.]
 [ 0.  0.  0.  2. 10.  5.]
 [ 0.  0.  0.  0.  0.  0.]
 [ 1.  0.  5.  8. 10.  5.]
 [ 0.  0.  0.  0.  0.  0.]
 [ 0.  0.  0.  2. 10.  5.]]
Reward: -66
Step: 12
Next Requests: [[2 5]
 [9 9]]
Memory Status: [[ 8. 11.  5.  2. 11.  5.]
 [ 0.  0.  0.  0.  0.  0.]
 [ 0.  0.  0.  8. 11.  5.]
 [ 0.  0.  0.  0.  0.  0.]
 [ 0.  0.  0.  8. 11.  5.]
 [ 0.  0.  0.  0.  0.  0.]
 [ 2. 11.  5.  8. 10.  5.]
 [ 0.  0.  0.  0.  0.  0.]
 [ 0.  0.  0.  8. 11.  5.]]
Reward: -72
Step: 13
Next Requests: [[9 9]
 [1 5]]
Memory Status: [[ 2. 12.  5.  9. 12.  9.]
 [ 0.  0.  0.  0.  0.  0.]
 [ 0.  0.  0.  2. 12.  5.]
 [ 0.  0.  0.  0.  0.  0.]
 [ 0.  0.  0.  2. 12.  5.]
 [ 0.  0.  0.  0.  0.  0.]
 [ 9. 12.  9.  8. 10.  5.]
 [ 0.  0.  0.  0.  0.  0.]
 [ 0.  0.  0.  2. 12.  5.]]
Reward: -78